camera_matrix:
- [802.66022235023, 0.0, 348.93411755207444]
- [0.0, 795.5789879979081, 276.0682522812921]
- [0.0, 0.0, 1.0]
dist_coeff:
- [-0.01586954572469149, -0.2204779016223092, 0.01683471727224566, 0.010788702192802957,
  0.7653420431135248]
